2
2
7
8
8
10
11
11
14
14
15
16
20
20
20
21
23
24
28
30
31
35
36
39
42
45
45
45
49
51
52
52
53
57
59
62
63
66
68
70
71
73
75
75
76
76
77
78
80
82
83
91
92
93
94
96
101
101
103
105
116
119
120
122
123
123
125
126
127
127
129
130
136
140
140
141
141
145
147
147
155
156
156
157
158
161
161
162
162
164
164
165
166
167
169
171
171
173
176
179
183
184
186
187
188
188
189
196
200
200
204
206
209
209
211
211
212
212
213
214
215
217
222
222
224
227
234
234
236
240
241
244
246
247
248
249
251
253
254
254
255
257
257
258
262
267
273
274
274
275
283
285
285
286
286
288
288
288
292
293
297
301
302
302
303
303
308
309
313
314
314
317
321
324
327
328
335
336
338
339
340
352
353
356
357
358
364
366
367
369
370
372
376
377
379
380
382
383
385
390
395
396
396
396
397
399
400
404
406
406
408
411
412
412
413
413
415
415
418
419
420
421
426
429
438
440
442
443
446
446
446
447
451
452
453
454
456
456
458
458
460
466
467
467
469
470
472
473
476
477
477
481
481
482
485
486
488
488
489
489
489
489
491
492
492
494
496
497
507
507
508
510
514
519
521
521
526
527
531
532
536
538
539
539
541
544
546
552
554
555
558
563
566
566
567
568
570
573
574
574
574
575
578
582
588
596
596
601
603
607
612
614
614
615
619
621
629
630
632
632
633
636
639
640
641
643
644
648
651
654
655
657
658
658
659
661
662
664
665
668
668
670
670
671
673
686
688
689
689
689
690
693
693
694
697
699
699
700
703
705
707
711
712
713
713
715
718
722
724
725
727
727
730
731
731
732
733
734
734
736
737
737
737
742
745
746
748
748
749
750
751
753
755
757
765
770
772
775
775
775
776
779
780
782
783
785
787
790
793
794
795
795
795
799
803
804
804
807
807
808
808
813
815
816
817
820
821
822
822
823
828
832
834
838
838
838
839
839
840
842
843
843
846
848
850
850
850
852
854
855
855
859
860
860
862
868
869
869
871
872
872
873
873
873
874
876
876
878
879
886
888
888
889
892
894
895
898
899
899
901
901
903
903
904
904
906
909
911
911
912
912
914
915
915
916
917
923
925
926
929
930
931
934
937
939
941
945
945
946
948
953
954
957
958
959
964
967
968
979
981
982
983
985
988
988
994
995
1002
1003
1005
1007
1008
1008
1008
1008
1013
1013
1015
1017
1018
1021
1021
1021
1021
1021
1023
1023
1024
1029
1032
1032
1033
1040
1041
1042
1043
1046
1049
1049
1052
1053
1055
1058
1058
1060
1061
1063
1066
1067
1068
1076
1077
1077
1081
1084
1085
1085
1089
1089
1093
1096
1097
1098
1099
1107
1108
1108
1109
1112
1115
1115
1116
1118
1119
1120
1123
1123
1125
1125
1127
1127
1128
1129
1130
1130
1133
1141
1143
1145
1145
1145
1145
1149
1149
1151
1152
1156
1157
1162
1163
1165
1165
1167
1168
1169
1169
1172
1174
1176
1176
1178
1179
1186
1186
1187
1191
1197
1198
1199
1200
1200
1201
1203
1205
1209
1212
1212
1214
1215
1216
1216
1219
1226
1230
1234
1236
1237
1239
1240
1242
1243
1244
1244
1246
1247
1248
1248
1252
1252
1256
1258
1258
1259
1259
1260
1261
1263
1266
1267
1268
1270
1270
1273
1275
1277
1279
1280
1280
1281
1288
1289
1289
1290
1297
1298
1302
1302
1304
1304
1305
1305
1306
1308
1309
1313
1317
1317
1318
1319
1319
1321
1322
1322
1322
1323
1323
1324
1324
1325
1326
1328
1328
1330
1332
1335
1336
1338
1343
1347
1347
1352
1353
1353
1354
1354
1359
1359
1360
1361
1361
1369
1370
1375
1378
1379
1381
1385
1386
1395
1398
1407
1411
1413
1417
1418
1422
1425
1428
1432
1434
1436
1437
1438
1438
1446
1452
1452
1453
1456
1456
1459
1460
1461
1462
1462
1465
1465
1470
1471
1474
1479
1481
1482
1482
1483
1484
1484
1486
1487
1487
1488
1488
1488
1497
1497
1499
1499
1506
1507
1513
1513
1517
1518
1532
1532
1533
1536
1536
1538
1539
1544
1547
1547
1547
1547
1548
1548
1549
1550
1550
1551
1551
1552
1558
1559
1561
1561
1563
1564
1565
1569
1569
1569
1570
1572
1575
1578
1581
1582
1583
1586
1587
1589
1591
1591
1592
1592
1594
1596
1598
1601
1605
1607
1609
1611
1612
1613
1614
1617
1620
1621
1621
1624
1627
1631
1639
1640
1643
1644
1644
1645
1654
1655
1657
1658
1660
1664
1665
1666
1667
1668
1671
1671
1671
1673
1677
1678
1679
1681
1681
1682
1683
1685
1686
1689
1691
1693
1694
1695
1695
1696
1697
1699
1699
1699
1704
1706
1707
1713
1714
1717
1721
1723
1724
1729
1729
1732
1733
1733
1735
1736
1737
1742
1744
1744
1746
1747
1748
1750
1750
1753
1755
1755
1758
1759
1764
1765
1765
1765
1777
1777
1783
1784
1784
1785
1788
1793
1793
1794
1798
1806
1808
1809
1809
1810
1814
1816
1816
1816
1819
1820
1821
1821
1824
1828
1830
1830
1839
1839
1840
1842
1843
1847
1849
1853
1854
1859
1861
1861
1865
1867
1873
1873
1874
1874
1875
1877
1881
1881
1883
1886
1887
1888
1890
1891
1892
1895
1896
1899
1900
1902
1903
1903
1904
1907
1911
1911
1912
1912
1914
1916
1916
1918
1918
1919
1926
1929
1930
1943
1951
1954
1956
1961
1964
1964
1968
1969
1969
1972
1973
1976
1978
1978
1979
1979
1989
1990
1991
1991
1991
1995
1996
1997
1997
1998
1998
1998
2001
2004
2006
2010
2011
2011
2013
2013
2015
2016
2017
2017
2023
2024
2026
2029
2033
2033
2033
2034
2037
2041
2042
2043
2044
2047
2050
2051
2052
2053
2055
2058
2061
2061
2063
2071
2074
2077
2078
2081
2083
2089
2089
2095
2100
2100
2118
2122
2126
2127
2132
2133
2133
2137
2141
2142
2142
2143
2143
2145
2145
2150
2151
2152
2152
2152
2154
2157
2159
2159
2159
2160
2160
2161
2166
2169
2176
2184
2185
2189
2190
2195
2196
2201
2207
2210
2210
2212
2220
2221
2225
2229
2229
2230
2231
2232
2234
2238
2242
2243
2243
2245
2245
2245
2250
2254
2257
2259
2261
2261
2264
2265
2267
2270
2272
2273
2273
2275
2277
2279
2281
2285
2293
2296
2303
2304
2307
2309
2310
2311
2318
2319
2319
2319
2320
2320
2322
2327
2328
2328
2329
2329
2329
2329
2331
2334
2335
2335
2335
2337
2339
2347
2349
2351
2352
2353
2356
2356
2358
2358
2361
2362
2371
2374
2376
2378
2381
2383
2390
2392
2395
2397
2397
2398
2398
2398
2400
2404
2406
2407
2410
2413
2414
2414
2416
2418
2419
2419
2426
2427
2427
2431
2432
2432
2433
2433
2438
2438
2439
2443
2443
2445
2445
2446
2447
2451
2453
2456
2456
2458
2459
2459
2461
2467
2468
2468
2472
2477
2487
2488
2488
2489
2495
2496
2503
2509
2510
2511
2513
2516
2517
2518
2518
2518
2520
2522
2526
2526
2526
2527
2529
2531
2533
2533
2537
2539
2540
2542
2543
2548
2548
2548
2550
2553
2556
2558
2561
2561
2566
2566
2567
2568
2569
2574
2576
2580
2582
2584
2586
2587
2589
2591
2593
2594
2601
2602
2602
2607
2610
2610
2611
2612
2613
2616
2616
2618
2619
2620
2623
2624
2625
2626
2627
2628
2633
2637
2640
2640
2641
2641
2642
2645
2646
2647
2649
2651
2654
2656
2659
2659
2659
2661
2661
2663
2667
2671
2674
2676
2676
2677
2678
2679
2683
2685
2686
2689
2692
2693
2693
2696
2697
2698
2702
2702
2704
2706
2706
2708
2713
2714
2716
2716
2716
2719
2719
2720
2725
2726
2728
2729
2732
2732
2736
2738
2739
2742
2742
2743
2744
2748
2749
2749
2753
2753
2754
2758
2758
2759
2766
2767
2767
2769
2773
2773
2777
2778
2778
2781
2782
2783
2784
2789
2797
2797
2805
2808
2808
2809
2810
2811
2811
2814
2816
2817
2820
2821
2822
2823
2826
2827
2830
2831
2831
2832
2835
2839
2842
2843
2844
2846
2857
2860
2861
2863
2865
2868
2873
2873
2874
2876
2876
2878
2881
2882
2883
2887
2888
2890
2890
2890
2895
2899
2903
2904
2908
2909
2911
2915
2916
2917
2921
2922
2922
2925
2931
2937
2938
2940
2940
2944
2944
2944
2946
2950
2952
2952
2958
2959
2960
2962
2963
2965
2967
2968
2968
2969
2971
2972
2975
2976
2976
2978
2980
2981
2983
2983
2988
2990
2993
2996
2997
3001
3003
3003
3005
3010
3010
3011
3013
3013
3014
3014
3014
3018
3021
3024
3029
3030
3032
3035
3036
3037
3038
3045
3046
3046
3048
3050
3054
3056
3058
3058
3060
3062
3063
3065
3065
3066
3066
3070
3071
3078
3081
3083
3084
3087
3089
3097
3097
3098
3101
3102
3105
3106
3107
3107
3111
3111
3114
3115
3117
3119
3123
3125
3131
3132
3132
3134
3135
3137
3138
3138
3139
3143
3144
3147
3147
3148
3149
3150
3151
3152
3154
3157
3157
3158
3167
3175
3175
3177
3177
3177
3179
3182
3182
3186
3187
3187
3188
3191
3192
3197
3198
3200
3202
3203
3208
3210
3213
3214
3215
3218
3219
3224
3225
3225
3229
3231
3232
3234
3235
3238
3244
3244
3246
3248
3248
3256
3257
3257
3257
3259
3263
3266
3267
3268
3268
3270
3271
3275
3279
3279
3281
3281
3281
3282
3282
3283
3285
3286
3287
3289
3290
3292
3294
3297
3302
3303
3306
3307
3308
3310
3311
3319
3319
3322
3324
3326
3327
3328
3333
3337
3338
3339
3339
3341
3344
3347
3347
3349
3349
3354
3355
3357
3364
3367
3368
3369
3370
3375
3376
3376
3382
3383
3386
3387
3390
3391
3391
3392
3394
3394
3396
3399
3405
3405
3407
3407
3408
3412
3412
3412
3414
3414
3416
3420
3420
3424
3426
3426
3427
3429
3432
3434
3440
3447
3448
3449
3450
3452
3453
3454
3454
3457
3458
3460
3461
3463
3464
3469
3470
3471
3475
3475
3481
3481
3484
3489
3489
3491
3492
3494
3495
3496
3498
3501
3502
3503
3503
3505
3516
3524
3527
3528
3530
3532
3534
3534
3535
3538
3539
3543
3547
3547
3550
3552
3553
3553
3556
3559
3562
3562
3563
3563
3564
3565
3572
3574
3576
3576
3576
3577
3577
3579
3580
3583
3584
3584
3587
3588
3590
3597
3597
3598
3598
3599
3599
3601
3601
3602
3604
3607
3610
3614
3615
3618
3620
3621
3623
3626
3629
3632
3632
3633
3633
3634
3636
3637
3637
3639
3639
3643
3645
3645
3645
3646
3661
3670
3673
3674
3675
3677
3680
3682
3683
3685
3686
3686
3688
3693
3698
3699
3702
3702
3705
3705
3705
3705
3707
3709
3711
3714
3715
3715
3716
3717
3720
3721
3723
3725
3728
3731
3732
3732
3733
3733
3733
3733
3742
3743
3744
3745
3745
3746
3747
3747
3748
3752
3755
3755
3757
3761
3761
3761
3764
3766
3766
3766
3770
3770
3771
3774
3775
3775
3776
3777
3781
3781
3782
3783
3786
3789
3791
3796
3797
3799
3799
3801
3802
3804
3807
3808
3809
3809
3810
3812
3813
3815
3815
3816
3816
3818
3819
3821
3823
3824
3828
3830
3831
3834
3841
3842
3842
3849
3851
3852
3856
3858
3859
3859
3860
3860
3864
3865
3869
3873
3873
3874
3877
3877
3883
3884
3887
3888
3888
3888
3890
3890
3893
3897
3897
3898
3899
3901
3903
3911
3912
3918
3922
3924
3924
3926
3926
3929
3931
3931
3936
3937
3940
3942
3942
3947
3957
3959
3960
3962
3965
3970
3970
3974
3975
3977
3978
3979
3980
3984
3985
3987
3991
3995
3996
3997
3997
3998
3998
3998
4000
4002
4004
4007
4009
4010
4010
4010
4013
4017
4017
4019
4022
4024
4026
4026
4026
4027
4032
4035
4035
4036
4039
4039
4043
4053
4054
4055
4055
4058
4058
4059
4060
4061
4062
4066
4069
4070
4072
4072
4075
4079
4079
4080
4083
4084
4084
4085
4087
4088
4090
4092
4092
4097
4097
4102
4104
4107
4107
4111
4113
4115
4118
4118
4120
4121
4129
4133
4133
4134
4137
4140
4143
4145
4147
4148
4149
4151
4154
4154
4156
4160
4164
4170
4171
4172
4176
4177
4184
4190
4191
4193
4194
4196
4197
4198
4198
4202
4203
4205
4210
4212
4212
4214
4216
4217
4219
4223
4227
4227
4228
4234
4236
4238
4239
4248
4248
4251
4255
4255
4257
4257
4257
4259
4265
4266
4269
4269
4273
4279
4280
4282
4287
4287
4288
4289
4290
4291
4294
4295
4297
4299
4300
4300
4301
4301
4302
4304
4310
4310
4312
4316
4316
4316
4318
4320
4320
4321
4321
4323
4325
4327
4330
4332
4334
4337
4339
4342
4344
4346
4347
4347
4347
4348
4350
4351
4352
4354
4355
4357
4358
4361
4366
4373
4373
4375
4380
4380
4382
4389
4391
4392
4393
4394
4396
4398
4401
4403
4404
4406
4407
4410
4411
4415
4418
4418
4422
4423
4423
4425
4430
4431
4435
4435
4437
4438
4440
4440
4446
4447
4453
4453
4453
4455
4456
4457
4458
4461
4464
4465
4467
4468
4470
4470
4477
4478
4478
4479
4481
4486
4488
4489
4489
4490
4491
4494
4498
4499
4500
4500
4501
4504
4505
4509
4512
4513
4513
4516
4516
4520
4523
4523
4526
4527
4528
4531
4532
4532
4536
4538
4539
4539
4539
4546
4547
4548
4549
4551
4554
4554
4559
4563
4565
4569
4578
4583
4583
4592
4594
4596
4597
4598
4599
4599
4600
4600
4601
4601
4601
4603
4604
4604
4604
4604
4605
4605
4607
4611
4612
4615
4619
4622
4623
4625
4627
4629
4631
4635
4637
4638
4642
4645
4646
4648
4650
4652
4652
4655
4656
4657
4657
4658
4659
4661
4662
4665
4668
4669
4673
4675
4678
4678
4679
4683
4689
4692
4693
4694
4695
4696
4696
4701
4705
4706
4707
4712
4712
4712
4714
4720
4724
4724
4726
4728
4729
4730
4731
4732
4739
4743
4745
4746
4747
4750
4753
4770
4773
4775
4779
4780
4784
4785
4786
4786
4791
4793
4795
4797
4797
4798
4799
4800
4804
4805
4805
4814
4815
4818
4819
4820
4829
4830
4832
4838
4843
4843
4843
4846
4848
4848
4850
4857
4862
4866
4866
4867
4867
4870
4870
4878
4880
4886
4887
4888
4890
4893
4893
4895
4895
4897
4897
4898
4898
4900
4901
4904
4906
4916
4918
4919
4919
4920
4921
4922
4923
4923
4923
4926
4926
4927
4930
4930
4931
4932
4932
4935
4935
4936
4936
4936
4938
4938
4942
4945
4945
4947
4947
4947
4950
4950
4951
4952
4953
4954
4960
4963
4964
4967
4967
4967
4970
4974
4975
4979
4983
4983
4984
4985
4987
4987
4988
4988
4995
5000
5000
5003
5008
5008
5009
5014
5022
5023
5023
5026
5027
5027
5027
5029
5029
5029
5037
5038
5039
5039
5040
5040
5040
5041
5041
5044
5045
5045
5047
5048
5052
5052
5057
5063
5071
5075
5081
5087
5092
5093
5093
5094
5094
5094
5098
5098
5098
5099
5100
5100
5101
5102
5105
5107
5111
5114
5116
5117
5119
5120
5121
5125
5126
5127
5128
5133
5136
5149
5149
5152
5153
5154
5154
5158
5160
5161
5163
5167
5167
5167
5167
5170
5173
5176
5177
5180
5180
5182
5184
5191
5194
5194
5195
5197
5203
5204
5206
5206
5206
5208
5210
5213
5215
5220
5220
5221
5223
5226
5229
5233
5234
5234
5242
5250
5253
5256
5258
5258
5258
5260
5260
5267
5269
5270
5270
5272
5272
5272
5273
5274
5279
5280
5281
5283
5286
5289
5291
5292
5292
5295
5300
5301
5302
5303
5306
5307
5308
5310
5315
5317
5317
5317
5317
5319
5319
5322
5325
5336
5339
5340
5346
5348
5355
5356
5357
5358
5360
5360
5362
5363
5364
5367
5371
5373
5376
5379
5382
5384
5385
5386
5387
5387
5389
5389
5391
5395
5397
5398
5399
5401
5404
5404
5407
5409
5409
5411
5414
5414
5420
5422
5423
5426
5427
5430
5432
5432
5433
5434
5437
5450
5451
5452
5453
5455
5456
5456
5456
5457
5460
5462
5462
5463
5463
5467
5467
5467
5470
5471
5475
5479
5481
5482
5482
5483
5483
5486
5486
5487
5487
5488
5490
5491
5493
5497
5498
5499
5499
5500
5501
5502
5502
5505
5507
5509
5510
5514
5514
5514
5517
5519
5524
5526
5527
5530
5531
5532
5534
5535
5537
5538
5540
5544
5550
5554
5555
5557
5557
5560
5563
5568
5570
5575
5579
5580
5581
5585
5585
5594
5596
5596
5599
5600
5603
5605
5605
5606
5607
5608
5609
5612
5617
5619
5619
5620
5622
5622
5622
5623
5632
5632
5635
5636
5637
5641
5643
5650
5651
5652
5652
5657
5658
5658
5659
5660
5664
5667
5668
5669
5670
5671
5675
5686
5690
5692
5693
5694
5696
5697
5699
5701
5705
5707
5707
5707
5709
5712
5713
5715
5720
5721
5721
5724
5726
5727
5730
5730
5735
5747
5748
5750
5750
5751
5753
5753
5754
5755
5760
5761
5762
5764
5765
5768
5771
5772
5772
5775
5775
5779
5781
5782
5786
5794
5794
5794
5795
5795
5798
5799
5805
5807
5808
5809
5810
5814
5815
5816
5822
5824
5826
5828
5833
5833
5836
5838
5840
5846
5847
5848
5849
5849
5850
5854
5854
5855
5859
5859
5863
5863
5864
5866
5866
5870
5871
5872
5878
5879
5879
5882
5883
5883
5889
5892
5893
5894
5894
5895
5896
5899
5902
5904
5910
5912
5914
5914
5916
5917
5919
5919
5921
5925
5927
5927
5928
5928
5932
5932
5939
5940
5942
5942
5942
5943
5944
5944
5946
5947
5949
5953
5953
5954
5956
5958
5961
5965
5970
5971
5974
5977
5977
5978
5980
5983
5985
5987
5990
5991
5991
5992
5996
5997
5998
6000
6000
6009
6014
6017
6017
6018
6019
6019
6022
6026
6028
6028
6029
6031
6031
6033
6035
6040
6043
6043
6044
6045
6055
6060
6062
6068
6068
6069
6070
6072
6073
6075
6076
6084
6084
6085
6086
6089
6089
6094
6095
6095
6103
6104
6105
6111
6116
6116
6120
6120
6124
6125
6125
6126
6129
6129
6130
6130
6133
6137
6137
6142
6145
6145
6146
6150
6152
6160
6161
6163
6163
6168
6170
6171
6171
6173
6176
6178
6179
6181
6183
6183
6184
6185
6185
6187
6192
6209
6210
6210
6211
6213
6214
6219
6220
6227
6231
6239
6241
6243
6243
6249
6250
6252
6253
6256
6257
6260
6261
6263
6264
6267
6269
6272
6274
6275
6275
6276
6280
6280
6283
6285
6285
6286
6287
6288
6291
6293
6297
6298
6300
6303
6305
6306
6307
6308
6308
6312
6313
6317
6318
6321
6322
6323
6323
6324
6326
6327
6331
6331
6333
6333
6334
6337
6339
6346
6353
6356
6358
6359
6360
6361
6362
6363
6364
6367
6369
6370
6373
6374
6375
6377
6379
6380
6382
6387
6389
6389
6390
6393
6397
6398
6399
6401
6405
6410
6413
6413
6419
6421
6422
6423
6427
6430
6431
6439
6443
6443
6445
6445
6450
6453
6453
6456
6456
6460
6466
6466
6466
6466
6467
6476
6479
6479
6481
6481
6485
6486
6495
6496
6500
6501
6502
6504
6506
6513
6514
6515
6517
6517
6517
6518
6519
6521
6525
6529
6535
6536
6536
6538
6538
6539
6548
6549
6551
6552
6552
6552
6553
6557
6557
6562
6563
6563
6564
6565
6568
6568
6568
6568
6569
6571
6571
6577
6577
6580
6581
6581
6583
6585
6586
6587
6589
6589
6590
6590
6592
6594
6594
6596
6598
6605
6609
6615
6618
6618
6620
6621
6625
6625
6629
6629
6629
6632
6633
6634
6635
6637
6638
6641
6644
6646
6648
6650
6650
6653
6654
6654
6654
6655
6657
6661
6663
6668
6668
6668
6669
6670
6671
6672
6674
6677
6679
6679
6681
6682
6684
6687
6687
6689
6696
6696
6701
6702
6707
6709
6710
6715
6721
6721
6725
6727
6728
6729
6729
6730
6731
6731
6737
6738
6738
6739
6742
6742
6744
6747
6749
6749
6749
6752
6755
6761
6761
6762
6765
6768
6768
6769
6770
6771
6774
6774
6776
6776
6785
6786
6788
6791
6792
6792
6795
6798
6799
6800
6801
6804
6804
6805
6808
6809
6809
6811
6811
6812
6814
6816
6817
6818
6818
6820
6822
6825
6828
6831
6832
6835
6835
6836
6837
6839
6840
6841
6844
6845
6848
6848
6850
6854
6855
6859
6859
6859
6860
6869
6873
6874
6877
6878
6878
6880
6881
6884
6884
6888
6889
6890
6891
6892
6898
6898
6906
6907
6907
6908
6908
6909
6909
6915
6920
6921
6926
6929
6930
6932
6932
6932
6933
6936
6938
6946
6947
6953
6955
6955
6955
6956
6956
6958
6959
6962
6964
6965
6965
6965
6972
6972
6975
6976
6978
6979
6981
6981
6983
6985
6994
6994
6995
6999
6999
7013
7015
7019
7024
7025
7026
7028
7031
7031
7031
7032
7033
7035
7038
7039
7039
7039
7040
7040
7046
7048
7048
7050
7054
7062
7062
7064
7067
7067
7070
7073
7074
7076
7089
7090
7091
7092
7096
7098
7105
7106
7108
7108
7109
7110
7113
7113
7116
7120
7121
7122
7123
7123
7131
7132
7133
7134
7138
7143
7144
7144
7144
7147
7152
7152
7153
7156
7156
7157
7158
7158
7160
7162
7163
7164
7167
7170
7170
7171
7172
7172
7172
7175
7176
7180
7191
7194
7196
7197
7197
7203
7205
7207
7210
7213
7217
7222
7223
7226
7229
7237
7240
7242
7245
7246
7247
7248
7249
7255
7260
7261
7261
7261
7262
7270
7272
7273
7275
7275
7280
7281
7284
7288
7289
7290
7291
7293
7293
7295
7296
7302
7304
7306
7308
7310
7311
7311
7313
7315
7315
7319
7329
7333
7335
7337
7342
7345
7346
7347
7350
7352
7353
7353
7356
7356
7358
7362
7364
7365
7367
7368
7370
7371
7371
7373
7374
7376
7379
7382
7385
7386
7396
7399
7401
7403
7404
7405
7406
7409
7414
7415
7415
7415
7415
7420
7430
7436
7438
7438
7442
7446
7449
7449
7451
7453
7453
7457
7458
7460
7462
7464
7465
7465
7468
7469
7472
7474
7476
7477
7479
7480
7481
7485
7485
7490
7491
7491
7491
7492
7494
7494
7496
7498
7498
7503
7504
7504
7506
7510
7511
7514
7515
7518
7519
7519
7519
7525
7528
7530
7535
7536
7536
7537
7539
7539
7541
7541
7542
7542
7544
7544
7547
7552
7552
7554
7560
7561
7565
7566
7567
7570
7570
7571
7580
7581
7585
7589
7591
7591
7592
7595
7597
7597
7597
7598
7599
7604
7604
7608
7612
7613
7614
7615
7616
7617
7621
7622
7626
7635
7641
7641
7644
7645
7645
7649
7650
7652
7653
7653
7658
7659
7660
7661
7661
7662
7663
7663
7664
7669
7673
7674
7680
7683
7688
7689
7691
7697
7697
7697
7703
7705
7708
7708
7714
7715
7717
7717
7718
7718
7720
7723
7724
7725
7727
7727
7737
7741
7744
7744
7746
7747
7749
7754
7754
7755
7755
7756
7756
7757
7759
7760
7763
7765
7766
7768
7769
7774
7776
7776
7777
7781
7782
7784
7785
7785
7788
7789
7790
7792
7795
7795
7796
7798
7805
7806
7808
7809
7815
7817
7818
7823
7824
7826
7826
7828
7828
7829
7829
7830
7837
7837
7837
7839
7840
7841
7841
7845
7846
7847
7847
7847
7848
7850
7852
7857
7857
7857
7858
7860
7861
7862
7864
7865
7867
7871
7871
7872
7872
7875
7875
7875
7876
7878
7879
7882
7888
7889
7893
7894
7899
7905
7905
7907
7907
7913
7914
7915
7916
7917
7919
7920
7920
7921
7922
7924
7928
7933
7933
7934
7936
7940
7941
7944
7948
7948
7948
7950
7952
7960
7966
7967
7970
7971
7972
7974
7976
7977
7981
7982
7983
7984
7985
7990
7990
7991
7993
7994
7996
7998
7999
8001
8001
8003
8010
8012
8014
8017
8017
8022
8024
8027
8031
8034
8034
8037
8037
8038
8038
8039
8039
8047
8055
8055
8055
8058
8059
8061
8062
8062
8064
8065
8066
8066
8072
8073
8077
8079
8081
8087
8087
8089
8089
8095
8095
8096
8099
8101
8102
8104
8105
8106
8107
8109
8109
8110
8113
8114
8119
8120
8120
8121
8122
8122
8124
8131
8131
8132
8136
8139
8144
8145
8151
8152
8155
8156
8158
8163
8165
8168
8169
8170
8172
8174
8175
8175
8175
8176
8176
8177
8177
8179
8180
8180
8183
8183
8185
8189
8192
8193
8193
8198
8199
8199
8201
8203
8204
8204
8210
8211
8212
8216
8222
8223
8224
8227
8235
8236
8237
8237
8238
8240
8241
8241
8243
8245
8250
8251
8251
8253
8254
8256
8259
8260
8265
8269
8270
8275
8277
8278
8279
8286
8287
8287
8290
8291
8297
8299
8302
8304
8306
8310
8312
8314
8316
8316
8317
8317
8320
8320
8322
8323
8325
8325
8327
8332
8335
8338
8338
8343
8345
8345
8349
8354
8356
8357
8359
8359
8364
8365
8365
8367
8368
8371
8371
8372
8373
8373
8375
8381
8385
8385
8385
8387
8388
8390
8394
8394
8395
8401
8404
8411
8411
8415
8418
8420
8421
8424
8425
8425
8428
8432
8433
8435
8437
8440
8441
8442
8446
8448
8449
8451
8455
8459
8460
8461
8463
8467
8468
8470
8473
8474
8474
8476
8482
8483
8484
8488
8489
8493
8495
8497
8501
8504
8504
8506
8508
8509
8510
8512
8514
8516
8516
8518
8520
8521
8521
8521
8523
8526
8531
8535
8536
8537
8539
8542
8544
8546
8549
8554
8555
8557
8559
8561
8564
8564
8565
8565
8566
8568
8571
8576
8578
8581
8582
8582
8585
8585
8587
8589
8590
8592
8594
8596
8601
8607
8608
8609
8610
8611
8613
8616
8617
8617
8618
8619
8622
8623
8623
8626
8627
8627
8629
8630
8631
8632
8632
8633
8634
8636
8636
8636
8641
8644
8645
8647
8647
8650
8651
8652
8653
8659
8660
8662
8667
8671
8677
8680
8680
8680
8682
8683
8683
8685
8687
8690
8695
8696
8696
8698
8698
8699
8700
8703
8703
8709
8709
8710
8715
8721
8723
8725
8730
8731
8731
8732
8740
8748
8749
8750
8757
8758
8759
8759
8764
8766
8769
8772
8776
8779
8780
8781
8787
8789
8793
8795
8797
8798
8798
8798
8799
8799
8804
8805
8806
8808
8813
8813
8814
8818
8818
8818
8822
8824
8825
8826
8826
8827
8829
8832
8832
8835
8838
8839
8840
8841
8845
8847
8848
8850
8851
8854
8855
8858
8863
8864
8866
8868
8869
8870
8870
8870
8872
8873
8878
8881
8881
8882
8883
8883
8884
8885
8886
8886
8887
8890
8890
8891
8891
8892
8894
8896
8897
8897
8898
8899
8900
8901
8901
8902
8903
8910
8912
8916
8917
8920
8922
8924
8925
8927
8929
8932
8933
8935
8939
8942
8944
8944
8948
8954
8956
8957
8963
8967
8969
8974
8982
8990
8994
8995
8996
8996
8999
9000
9003
9003
9003
9007
9009
9010
9012
9012
9016
9019
9020
9022
9026
9027
9028
9030
9036
9037
9040
9040
9041
9041
9041
9048
9049
9050
9050
9051
9051
9052
9055
9055
9055
9058
9058
9059
9059
9065
9069
9070
9071
9071
9072
9072
9073
9075
9076
9079
9080
9083
9085
9085
9085
9089
9089
9090
9090
9092
9099
9104
9112
9114
9118
9119
9127
9127
9133
9134
9135
9140
9140
9140
9143
9144
9146
9146
9146
9147
9151
9152
9153
9155
9158
9163
9166
9173
9173
9173
9176
9178
9182
9183
9187
9187
9188
9197
9197
9200
9207
9208
9214
9218
9218
9220
9221
9221
9223
9223
9224
9226
9227
9227
9227
9228
9230
9231
9232
9234
9243
9243
9246
9248
9253
9253
9259
9260
9263
9264
9266
9267
9268
9272
9273
9274
9275
9276
9280
9281
9283
9283
9285
9286
9287
9288
9290
9291
9292
9294
9295
9296
9297
9297
9298
9299
9299
9301
9302
9307
9307
9310
9311
9315
9315
9323
9324
9325
9327
9329
9331
9331
9334
9340
9341
9344
9345
9348
9349
9352
9353
9354
9355
9356
9362
9363
9364
9369
9370
9371
9373
9374
9378
9382
9382
9390
9390
9391
9392
9395
9397
9398
9399
9401
9404
9405
9405
9406
9408
9409
9409
9409
9410
9411
9413
9416
9421
9421
9422
9426
9427
9428
9429
9434
9439
9441
9441
9446
9448
9449
9449
9451
9453
9459
9460
9460
9461
9461
9462
9463
9465
9468
9468
9469
9469
9471
9473
9474
9474
9475
9475
9477
9478
9478
9479
9479
9480
9485
9486
9486
9489
9492
9494
9496
9496
9499
9500
9504
9504
9505
9506
9507
9511
9511
9513
9515
9516
9520
9520
9521
9522
9523
9526
9526
9530
9530
9536
9536
9536
9537
9540
9541
9542
9544
9549
9550
9553
9554
9556
9558
9560
9561
9563
9565
9570
9572
9573
9573
9574
9575
9578
9579
9581
9583
9583
9583
9585
9587
9593
9596
9597
9598
9603
9604
9604
9608
9611
9614
9617
9623
9623
9623
9627
9628
9628
9629
9633
9634
9638
9639
9641
9642
9651
9652
9652
9654
9656
9660
9664
9669
9670
9672
9673
9675
9675
9682
9685
9686
9687
9688
9688
9689
9693
9693
9696
9697
9699
9699
9703
9706
9708
9710
9718
9718
9719
9722
9723
9724
9725
9727
9729
9730
9731
9733
9734
9736
9736
9738
9746
9747
9750
9754
9757
9758
9758
9759
9761
9771
9772
9775
9776
9779
9782
9783
9789
9790
9790
9790
9797
9797
9798
9802
9804
9804
9804
9805
9805
9807
9808
9814
9817
9818
9823
9824
9828
9830
9830
9832
9834
9835
9840
9841
9844
9846
9847
9848
9850
9851
9853
9853
9854
9861
9862
9866
9867
9869
9873
9875
9876
9877
9878
9878
9887
9888
9890
9896
9896
9902
9903
9904
9910
9912
9913
9916
9918
9918
9923
9930
9932
9932
9933
9934
9936
9936
9937
9941
9945
9947
9947
9947
9948
9948
9949
9949
9950
9950
9951
9953
9954
9955
9956
9956
9958
9959
9959
9965
9966
9970
9971
9971
9972
9974
9976
9981
9982
9985
9987
9987
9994
9995
9996
