7495
2274
8923
9153
7263
8802
254
419
1618
7012
7430
6993
2398
4237
2525
7024
6321
6246
6227
6485
9502
1901
3001
6284
7105
6230
9182
4035
1473
7743
3835
9625
1811
6319
6574
2035
9491
9387
3165
5777
971
9677
1030
5257
9431
6888
4525
4790
1217
8087
432
4663
6979
5370
765
7654
4733
9658
594
6212
2339
957
7255
4995
5292
1736
8111
5873
6846
2033
2212
5760
5521
4688
3957
6363
5043
939
325
5071
934
5350
1177
444
551
9041
1822
2114
4604
4321
7670
5935
6005
3664
9408
7665
334
3732
3158
5679
5225
5164
3880
1098
4942
8991
7675
9106
4014
5506
6081
6781
8097
2298
5048
8874
7484
1138
8879
5673
2031
7746
7045
2632
1015
8535
2498
7180
6401
3371
1844
6842
2970
1733
9074
3016
9144
2124
611
6617
9432
3911
9833
8840
6204
8851
4133
5822
9762
2365
2749
3280
1359
5877
1994
644
9126
8568
7245
6134
7008
2373
4117
9097
1344
1393
2215
3191
4308
8311
9156
8379
9193
8629
1228
2197
6813
9284
5405
7040
9368
565
346
6333
498
103
5368
3525
9800
5497
6689
5711
5452
6004
1399
5941
8149
2145
1929
1673
3539
5794
1265
7706
4057
5130
2438
8100
2762
3119
111
7938
5049
5636
8593
1255
2119
7173
6122
7304
320
4496
2647
9452
5435
8608
2910
7668
649
506
9703
9862
3711
3575
382
4974
6916
4704
3525
5892
4592
9964
7175
1080
8501
9018
2273
7663
2765
1597
5402
9200
6119
6565
8928
7177
7654
2119
2441
5585
2440
3185
8196
9336
8871
800
1331
6711
9020
9806
1035
281
9088
3149
6191
8582
6539
1152
5467
8067
990
659
128
3011
5190
5192
7257
2947
6411
2957
776
9201
9265
9788
5896
9034
7974
907
3645
1535
1833
1699
3975
9276
3762
5265
6063
3005
4540
272
8432
8077
5188
4851
3799
4596
7191
3090
6884
1331
9431
3445
3213
1314
3038
953
2507
3722
2961
5596
6876
4388
3195
3378
1356
319
7739
8784
2121
5293
7321
3741
5222
7699
480
343
5757
6783
8010
1214
9376
9017
2150
1605
814
5707
2851
2142
6743
6758
4447
1640
4035
1319
5970
9254
8959
3374
4051
7653
7061
3943
891
6318
9894
8807
4795
6466
4924
2952
6032
5796
7827
3819
3631
3379
4274
4402
7860
8187
8161
4201
896
4458
7258
3221
8981
8601
3698
9866
3182
4950
7143
5033
4570
2090
4160
9109
4346
8720
8254
6253
2228
14
9527
4553
9920
7678
4716
6267
6598
7025
8805
1915
4319
2944
385
6812
8461
8132
888
4887
5818
4816
5161
1267
6374
9872
3464
9025
7091
4704
77
1096
662
8173
2893
4843
3303
5439
2587
7372
9401
9068
7701
877
9909
2857
5958
5080
5964
3836
3407
2739
7333
8096
3972
1353
6892
9319
5217
5272
8168
9963
3362
4293
1612
7579
2079
6094
7023
429
7964
3146
6728
7336
881
6071
7722
7597
3734
5137
7721
3989
7010
1963
9247
8086
5913
7598
2693
8768
996
2083
7360
7773
5401
3139
667
2356
4988
1778
6236
3529
5714
9657
9148
9175
3464
6351
5914
8661
1318
2577
5810
1515
3323
5498
3284
5361
5393
4430
3442
5333
4348
815
8946
9412
1048
7344
7442
1025
5770
5556
3692
7864
3943
6462
5084
6021
4858
9692
3207
4242
9234
1274
9326
3972
5622
704
1267
8156
8438
6541
2593
1335
7997
5772
1046
1354
2812
8321
952
6032
7149
4290
1097
7470
3717
1127
3214
4839
7980
4216
8603
7545
2217
2919
8280
6999
3878
5631
3482
9678
3057
198
8226
1698
8195
2376
2363
4493
1362
5354
9576
9336
7438
7224
2025
9682
7984
4018
6831
3948
3679
4336
1274
376
4971
618
140
7508
1006
2375
1229
9794
5535
9096
6466
1135
1760
6426
8011
9547
9180
1988
9583
5762
9149
5035
9691
96
4750
577
6580
5497
1316
8471
5520
9051
8201
7062
9239
5213
7497
5379
740
4567
2468
8720
648
8290
9941
9920
29
956
5497
4545
9998
3884
8111
8378
1285
8430
1703
7382
5854
6727
7895
7275
3949
6582
5913
3312
8798
730
3289
758
1425
148
6606
6411
8065
5059
6286
4114
4079
1137
3724
5434
3084
3331
3156
2749
8410
9658
7537
9811
9138
4656
3737
8675
3635
5963
2580
8041
1087
6915
7226
1940
6181
6793
3340
7919
5912
7479
4853
9757
5436
6072
7560
8769
2410
761
222
1184
1783
3349
946
4927
7295
4914
8756
8296
2477
9082
1508
5953
7472
6588
5282
7062
6776
6239
5867
39
8436
5695
3439
5557
5823
238
4337
8394
2683
8912
2662
6216
4217
4220
5660
680
4661
234
6977
69
27
8019
596
8493
8529
2249
1259
1440
3784
1969
571
1355
1079
4737
5848
4933
5581
6067
6629
1544
9804
4215
9393
6571
5283
8207
1516
3037
6558
8753
7373
5169
4831
9713
7317
4795
3816
8921
4713
65
4115
4197
5511
8294
4983
5379
9515
9791
3858
471
4610
7859
3861
9382
8919
1530
1178
6271
3035
8056
3054
3916
879
4907
6024
2558
3980
1676
3446
5389
6093
460
8868
3550
2830
7624
4101
3380
1108
3093
5509
3196
6732
7752
9416
4892
7059
8499
9555
6305
5319
107
6617
5146
9178
1101
7057
6693
7509
5600
240
3389
9020
747
4433
200
9300
9801
5730
8586
3660
5040
3330
8645
6175
8437
3537
4235
3508
9827
3197
9644
5923
6447
8083
2355
1933
8242
4714
3284
1602
4742
8255
1217
6556
1129
8546
4804
45
7180
6112
6726
6411
8617
7110
6159
1400
8146
5079
5252
6593
6520
1900
5318
5340
2731
9874
786
4809
4622
9370
4129
3617
6876
8791
9321
1562
7909
3029
4701
1890
5093
757
650
4485
4343
3688
1877
1287
6890
9649
7154
3039
5008
6976
129
6748
4190
3945
7011
8218
8876
9516
9056
9674
2786
2408
2698
9830
5836
517
2188
5846
4981
5440
1126
5576
3436
1841
2753
162
350
3111
619
889
3329
6471
7184
9084
4989
134
8913
45
6101
7094
6928
5759
7810
8489
1462
9547
5595
5698
7061
5452
4728
8665
5159
1904
9247
5086
316
8407
8649
4234
2498
190
9523
1823
8884
2995
147
806
7592
289
9550
3333
228
5861
8776
4524
2021
7353
6416
8703
425
1505
544
5460
8738
5503
3784
9319
9914
4186
3914
6397
5200
4034
8759
9843
1352
5450
5218
4798
7377
4141
9607
653
8515
2146
2798
2675
3916
6060
6853
6970
3377
7410
7145
136
1329
2601
1547
2552
5851
6190
4701
4142
3349
9650
3216
1185
8756
343
2238
3937
7430
4697
6341
1253
7455
424
5233
7485
6427
4467
2539
7357
5917
8397
9431
9851
1670
7731
5972
3978
6442
1147
2572
6374
9999
3050
6556
6362
1487
6522
3697
4849
1579
9199
204
576
35
3468
4269
8277
5533
2893
7724
568
2251
8655
3997
8581
3309
7616
4552
5617
1602
6837
1197
5617
1168
7993
4618
9918
6329
3328
211
8080
8234
8521
6108
5094
6843
7517
3724
5833
7357
920
7531
1108
7387
5933
2240
6460
9370
6646
527
3172
6105
4144
4124
1810
939
9556
2796
6673
9239
5610
1705
50
9436
4927
8859
2607
8760
1903
3745
5116
2324
1377
6238
8164
820
8943
4624
8169
7475
3866
3013
1273
758
8078
3836
960
4180
8109
7503
5712
6526
2373
293
8621
853
4045
1458
6014
6038
7073
3898
7652
7353
9274
9176
1150
5529
4342
9605
5961
5061
3289
7812
7576
7040
7468
1405
2409
1190
9603
4274
8423
1448
5461
270
7246
2745
9657
859
2287
3580
8105
8637
1505
597
918
1322
7899
1288
8377
9515
7492
9217
5108
5732
1249
3870
3387
6385
4851
6815
6276
2262
3406
9669
9236
4789
4361
1138
8590
36
9416
7254
5725
8709
8648
5729
5355
9261
4289
8384
5581
2994
977
7644
594
9724
4357
1726
9886
7952
113
1802
8969
114
2223
4117
5821
1662
6192
9198
5132
8587
2804
6983
1886
4081
8280
2087
8969
2362
3430
8008
5913
9652
8754
5010
9860
6283
4960
9411
2382
1714
9033
1065
2938
5241
6392
4814
816
3375
3087
5799
2432
4399
6841
1940
416
2566
3239
8301
9654
514
5898
459
7054
7614
1242
1649
2701
7481
5435
1017
1618
9757
1939
7949
5707
1384
970
3527
511
2185
2875
6403
7228
1904
40
7833
925
308
9279
5144
4669
7841
9739
6590
6380
7921
1044
5090
6121
9768
8210
8548
6426
5354
6250
1906
9297
3127
180
16
1996
6507
24
1077
1620
1886
9012
1680
7552
9544
1938
9011
3060
8234
4324
1428
2510
7026
1931
1535
9603
6818
7700
6245
1423
5054
5771
3708
8614
1375
3671
9982
1390
3993
2097
1301
4825
4884
2509
2829
7898
8994
3993
6202
7182
6893
3338
1175
5757
863
9627
2789
4240
6613
3467
1020
929
9036
192
7607
4378
8585
3157
182
901
280
8603
4029
4737
5756
4596
6243
8563
6326
8562
7245
7949
6492
3712
7642
5195
4183
5867
4463
2957
6558
2613
3539
5089
6215
3015
1232
1686
202
4400
7516
2733
2301
7565
8427
1900
4126
2239
2787
1423
8066
4334
281
1246
2577
7674
5814
4787
6242
981
3372
4702
4511
4899
12
47
8015
1422
4933
3501
5417
6782
8285
9897
6436
7647
8518
8799
3414
3732
3428
2078
815
3761
9021
5222
9264
2656
1114
8370
1713
6504
8517
1754
6923
3771
5040
5968
4307
3378
5403
8980
2945
7440
6118
6907
3113
3954
9661
401
9786
5410
1842
4933
8074
5867
1799
5791
3712
6719
592
7268
6288
6593
1230
1431
394
3621
6834
2259
258
7964
4159
5801
7116
557
9200
6640
5808
208
7474
3609
9741
9875
3430
772
788
8734
7856
2427
5839
9820
2734
441
9973
1265
4363
72
592
6318
1042
2435
995
814
6030
5508
2247
1802
347
8583
446
9636
6431
3711
9807
3980
9845
5684
4661
2501
9514
4518
323
299
6894
8475
6359
2373
6549
245
2404
2230
9491
5466
2807
9814
4481
7649
912
501
101
9578
8268
7807
8217
6128
283
5291
9395
110
279
185
4763
1611
2265
6152
5732
5155
1012
6857
9397
4566
6950
2113
4687
181
1696
7555
685
3092
6676
3888
9553
320
2505
8464
7637
4693
8379
1951
4437
9702
5089
9508
7201
9910
6005
1253
4669
3731
1633
7905
7788
1615
7467
3038
6109
2887
7358
530
3966
8691
8004
1250
9217
3895
5900
4377
1345
4041
7320
865
2700
9364
3320
9507
6887
7096
19
2741
4222
4754
2049
4294
9833
4330
7473
1894
8081
9165
6441
9841
2135
273
2770
6253
1028
3230
3814
1187
2723
5849
9231
6997
1147
3777
9846
9997
7496
373
3307
183
370
3823
2466
2669
8152
2491
8171
2138
3940
5227
3756
3380
6022
1623
7142
1762
2544
4308
1949
3286
2472
3876
5069
8328
2303
2530
6412
296
9607
3707
2029
182
6629
7033
7573
2931
4910
4028
1866
8199
2577
6105
3614
3257
1934
7814
1589
1647
8588
9174
4262
8432
3609
4929
9288
6478
4146
9604
7595
265
6979
1725
7539
1268
2055
8164
9969
7053
2898
2428
8982
4947
5876
4771
2302
3035
4871
7658
96
7407
307
8784
4740
6594
2690
8039
4268
2930
4119
4861
5019
2007
2756
9067
9775
382
9815
7380
5114
411
9064
45
9039
2473
3014
9361
339
110
9672
7723
136
3191
6604
4385
8536
3100
8899
6834
9033
2433
2773
1252
9655
3459
2601
4299
234
130
2354
6385
8196
1245
832
6368
610
1451
6196
4933
6835
5238
4149
2762
6127
8014
1927
4925
2707
4809
5090
1685
1506
3029
3845
5458
8173
6324
556
2456
7144
4816
202
508
3729
6360
4350
3689
9283
1040
5404
257
4254
1339
2806
876
2441
7809
301
2540
6828
6689
6588
6896
3978
7651
5619
4240
8661
5426
1613
3654
3769
767
3923
9203
2463
1775
1420
1555
8451
3667
6928
9153
548
387
7363
1911
6900
6752
4941
2969
7134
7065
8188
1966
5520
6871
7224
6826
5366
4427
2200
4085
8789
8001
970
3704
4197
1279
4676
9043
8607
376
50
906
1591
4671
1685
493
8273
9794
8376
5883
9984
2538
2690
1391
8405
7244
2154
6658
1552
2451
4963
8440
8863
5142
1796
3342
6307
3330
2985
7996
3346
7989
1084
7243
4500
6134
1490
6975
2871
5248
2510
1078
7105
7782
4253
4827
5572
34
3688
2952
9194
1237
6366
8363
1040
83
7823
6509
6682
918
3539
6767
4651
3290
9650
1100
4096
8224
8686
9327
8254
3374
6774
2877
8490
3199
328
7689
3508
4693
8202
9253
80
8052
4974
5653
10
9641
8036
2802
4356
6857
2522
1492
4924
7051
3277
9897
8579
3058
3939
5220
9357
1445
755
4944
3360
7278
8380
255
6974
2713
9951
5178
4935
2683
8957
6987
944
6277
9733
8302
7956
6429
7334
6965
8433
6470
8921
1501
2961
7036
5049
8809
3606
2631
9755
2528
9164
3734
651
2157
2015
1499
2632
5301
5306
7886
797
7350
479
6715
4803
7952
8157
7157
8645
5970
8494
3736
7943
2833
8312
4022
8934
2896
7013
2326
4240
3439
7575
4889
9014
3999
9154
3631
7077
7890
5615
9297
97
9121
2646
513
3044
7784
7904
4476
1176
2766
1210
1165
1763
230
8603
6560
9586
2832
3908
2259
1993
2959
6882
3248
6423
9410
6941
85
5380
6932
549
2088
786
5278
5667
1876
5466
5686
6290
7917
8240
2974
3349
8294
3718
4432
1127
5290
437
8409
9529
1660
9464
6029
6289
1688
2753
6208
2859
556
1387
4947
151
5555
6389
216
7563
525
6253
8952
1610
6134
4399
7571
1100
3225
4846
4004
2404
7750
3958
4921
5547
2930
6108
8442
6331
5197
2653
3049
7720
5308
1876
4874
8783
5690
7406
3897
7100
4169
4109
2421
1703
3645
8997
8004
4430
4156
9043
9780
5652
3222
5835
4352
9467
1583
6847
7177
4534
8143
9890
7319
7949
1802
4164
7056
2760
425
6166
5015
3248
9446
831
9917
1200
5013
5808
215
761
1478
3930
6947
1278
8318
2875
3734
5471
343
3795
8250
7546
7757
6123
6814
678
7188
5730
3955
2520
2979
5984
4356
8113
4774
5820
7415
8988
7283
1887
831
478
598
6684
251
6210
1288
9170
7195
1778
7978
8626
8100
3948
2908
6007
1676
9702
8511
4317
7367
5957
3209
2510
359
7607
502
8028
3879
6114
533
1261
2352
2902
8762
2117
4607
2100
8399
7831
1833
4655
8259
8479
3786
7527
4059
6979
671
6835
3916
190
3754
6862
8265
2049
5016
2853
6137
5454
933
9986
5392
1767
4518
7642
5453
9572
7131
7892
2422
3712
2545
7971
4424
1835
8636
1055
2905
5189
2431
4969
4728
7310
219
6954
4569
639
2903
7196
8622
770
5987
1941
5183
2303
7599
8684
6186
2591
2878
6890
5330
7192
9701
6118
9524
6550
1685
3716
9885
8620
288
9840
2853
8037
8763
5440
441
8222
7266
5661
7034
7806
8187
8179
4979
3172
6092
3620
1089
1371
4858
9901
6107
2750
7617
867
5686
201
7549
1386
4774
6507
5860
6379
7405
4605
8006
7141
7135
4020
4110
7642
5931
6268
4562
8990
3776
3035
4679
410
280
5565
8996
511
9858
9718
4576
9877
6604
975
7350
5796
2941
354
5087
207
2504
6947
4587
3250
7554
5695
893
6756
7547
1555
8915
3241
9791
3122
9477
8409
2549
5086
9418
950
288
8625
3731
8122
9526
8411
252
9151
4868
9436
3628
4164
2958
5666
1897
340
8586
3245
9655
9052
401
4505
3613
7878
5708
1394
2403
1151
3808
1238
2850
4654
5273
4411
2666
7343
3140
1027
7647
1612
6853
5494
2104
1724
2168
6331
4233
2978
8441
1824
9861
97
4116
534
1312
1645
401
9915
4618
7664
7306
964
8994
4469
9081
5996
6433
2110
601
9997
9606
8027
8785
7267
7057
2892
4724
7902
3733
7611
8726
3129
8771
7166
4054
9825
753
5202
8063
5925
1159
1889
2374
5175
9737
2447
427
2085
1366
522
7410
8225
3372
8514
3713
889
7116
2642
6878
4650
4211
5839
5660
231
1848
5606
2807
9092
2115
7630
4452
406
8722
3494
2196
6870
6474
2539
8787
4871
4836
5511
6684
5586
1813
7754
3530
120
971
1670
9627
7054
3543
1088
917
7766
8093
5742
6157
1681
2986
3234
3789
9262
8410
1749
4449
4331
8475
6174
3459
5183
2442
2138
3539
2231
1416
5616
7667
4917
6028
5339
4513
1280
356
5001
934
9781
4774
2931
7006
9395
4133
5728
9660
7052
2804
3745
4914
1515
8544
8394
289
8482
7891
8266
1584
5170
1107
1489
2554
5875
4266
1169
4307
9986
8350
2127
8646
9129
9518
2
4961
4214
6198
1728
7106
4576
5279
7275
5518
8084
532
3106
9437
1981
7497
8964
8479
116
4895
7632
1905
4133
5954
1981
8658
5743
4772
5833
8947
1067
4087
9777
2865
7699
1559
2576
3306
9245
2550
2167
1034
8386
8783
5043
3355
7998
2086
3818
8888
8843
9764
6578
4100
3196
1998
4416
8167
4996
860
9446
3330
4668
87
7187
7119
4301
279
2288
4837
8963
6722
2912
913
5427
6272
5819
1596
1727
8229
1846
6054
4810
7767
1584
3585
1771
7823
7908
5440
9472
7394
7393
9794
9002
3868
5600
5153
9966
3851
1422
6969
6824
8017
727
6432
8114
6131
2482
6615
7294
1221
8446
2331
6122
7426
6476
3963
8742
1803
6625
575
8088
1725
5963
5247
1119
1429
6264
8849
5295
8456
9027
950
4297
7387
8582
4479
2474
8895
9031
2722
8299
1980
5460
8312
8125
3232
2293
8215
6153
4829
5333
1344
1414
8649
5756
503
9041
2515
4188
6948
9850
422
9677
4044
6182
5181
44
7357
7852
6353
192
7784
5646
2176
7007
3510
9008
3257
2624
8476
5761
5935
1283
1794
3126
5423
2426
7819
4288
3637
9959
1384
6734
608
5000
9369
4230
7056
7116
5448
5346
3403
4112
5110
5024
5441
9437
4270
3744
4640
7188
5088
3406
2584
1012
6724
3328
1587
9803
5710
2668
5433
4574
8896
5410
3581
5191
8849
242
989
4789
1629
766
6161
8107
9447
3773
1104
7946
4550
1887
308
2003
2400
2305
472
9793
8124
9652
3511
4477
7904
8165
196
4302
8066
9737
3191
8052
3792
5836
3771
1360
8386
3785
944
3608
4665
3653
8151
7297
3753
1472
4636
241
860
589
1395
9772
8552
3731
1710
986
1489
1233
3851
7999
6711
1365
7915
4928
4730
3150
6026
5955
7324
1273
7557
9429
5587
1901
568
2767
404
6124
4488
6376
1160
4700
5587
4284
4488
4331
8194
8042
9825
7613
1401
7501
7349
5451
8263
282
5142
875
6891
3703
2943
7950
1467
6863
7311
7090
4803
2356
7423
9845
8404
152
4626
5409
439
1207
1925
1820
7869
9743
9289
9059
9749
2070
5854
8583
5676
7540
38
4379
3718
7523
6125
6487
748
3844
4122
6128
2465
9719
1638
4129
7102
343
7919
5767
7270
1676
4909
2242
8787
7158
2728
4878
4563
1279
1123
8810
3329
7487
2176
9767
3056
3735
411
2725
403
1908
2894
5781
6252
5122
7099
7333
7102
6111
1608
9445
8268
3994
3317
7865
7984
8079
3670
4037
8388
2779
8234
5076
9546
679
118
5805
9991
8623
3058
6069
4900
8233
535
9953
2038
6866
6946
7403
304
5706
2549
3695
6451
6277
5954
2530
5443
6549
9357
477
3310
1261
7206
2419
8695
8675
9988
7067
325
8399
174
1860
6213
4695
337
3428
9232
7314
5788
6650
4027
9532
9596
3428
9796
5056
9487
4928
7919
4960
9882
8812
6222
9409
8823
9707
1955
4239
774
7092
4882
5286
2916
326
7781
671
8456
6905
3859
2139
6531
5231
4398
6127
8454
7891
6208
4356
6789
9304
3437
8685
1879
8296
5595
1298
8019
443
3064
2379
7877
484
3034
5115
3175
8675
651
171
9837
2577
3185
9430
3863
3391
8597
8179
3869
7017
4905
6049
3787
7460
9761
2896
3357
3648
6471
7257
2749
3339
3627
1668
8983
3361
865
6078
5428
7230
4954
3456
118
6287
4064
8851
654
5383
2426
7736
181
7837
6508
1655
7300
3763
4691
5388
8734
6349
4023
4281
3310
7435
9500
4339
838
2060
5353
6564
5182
3233
8677
778
7051
9161
9056
3297
330
8225
4742
2179
9542
3325
7600
8590
1158
9040
5699
5212
7932
1201
2688
8284
9561
1011
6382
9007
5220
158
746
4329
4851
3309
7666
603
9609
1088
2601
6687
2291
4368
3154
9227
2872
9917
3101
6207
5982
9053
4695
9299
7695
4482
6627
7891
8952
4345
9401
2458
3021
7813
2856
5446
7954
5088
6118
3753
8165
9878
1882
4551
7793
4151
3295
5147
4332
7721
1447
8684
1021
1735
8275
1609
6345
9349
6882
7542
9982
38
3124
120
727
6416
6448
2400
6320
4510
8610
3802
841
2648
8031
4100
8884
6352
7285
75
3401
9843
9958
8543
134
9501
8833
5706
3107
9542
6467
1509
70
436
5059
9062
3092
140
4692
4277
7041
9384
9285
9810
172
9044
8148
4360
5099
4717
3726
3036
2724
948
8409
7543
4750
4896
2688
4845
7853
9629
7712
236
3900
8392
5658
9990
9036
8365
5484
1211
9886
3432
8428
2504
1617
3286
5884
8753
5527
3137
4839
9799
1016
5812
6578
8650
3128
2753
1990
4255
6078
4532
4372
1215
9776
6822
3190
4901
1788
2635
9755
9467
5357
6103
5440
937
3400
3429
9006
5974
9208
4060
6751
1350
9748
8868
2952
3106
238
2871
4381
5864
5995
2686
5047
6790
8611
1613
8281
9608
5926
59
5076
463
5091
5449
2014
7349
3297
3233
2197
9000
1077
647
6585
1598
571
3111
5440
4383
2293
5551
3220
7320
7033
5785
4235
5239
7920
4814
7149
30
4213
5797
3597
5610
1829
5362
8320
5857
2257
7539
9228
4531
1851
8472
6445
490
5776
7678
2445
9336
3070
3587
2214
9587
8415
2742
6324
7065
6056
7201
4287
6258
6434
6448
9436
1442
3854
6256
9103
4628
9987
1531
8868
1039
8456
7139
9795
8814
8543
9209
8176
3573
499
7517
6170
9100
8213
313
1551
2297
7282
3634
9828
2771
7042
5263
8185
4837
558
2186
8664
6475
4182
9728
430
7356
9253
7339
3311
3756
4828
7448
1563
9703
3132
2126
1679
8388
3899
9651
8082
729
8784
5906
8752
6763
5516
3513
2745
4159
4290
9899
4400
1822
2968
3895
8409
7118
5502
7982
8170
6594
8345
7166
5723
7561
6363
4320
9325
9895
3167
4780
9714
5535
7513
7808
2275
6124
722
997
4159
5298
835
9378
7189
5556
1283
2798
3354
6866
5164
8086
5334
8937
5221
9286
5942
7185
5788
6287
2017
6724
2629
476
1978
7906
4769
1757
4815
8842
2803
8694
4415
6234
9135
6150
81
7425
31
5552
2288
1444
1783
2126
5921
1299
5607
2015
8076
6701
121
3078
3060
4654
4971
8145
4694
6101
8826
1074
2980
8645
5030
1622
6307
1512
9233
88
2356
4830
1915
5322
3474
6136
3455
6910
8851
283
2343
5404
7610
2508
1434
4703
459
6661
3388
2229
3028
4568
2790
4851
2182
3726
6808
7595
2939
1406
609
5640
6461
9600
1258
1154
8154
4917
7111
4552
5498
425
5233
4294
452
9897
1507
4562
8341
4187
1101
9011
7669
8328
6505
6265
1148
5149
2173
708
1606
144
8988
7959
87
765
814
1820
4972
8731
9637
3098
91
326
5182
8971
5545
5778
2554
8829
8584
562
2294
1120
8426
9484
2646
8769
9310
5018
97
5566
6445
7242
9588
8297
7951
9709
4056
1927
4683
6031
1026
3907
3698
4367
7621
2578
5748
8763
3486
8672
5988
9088
782
1461
9112
8132
8682
6169
2079
2522
1514
614
3042
2097
575
930
6028
9033
7811
8969
9481
3664
9430
3257
2311
3837
382
9709
3339
42
7901
3698
8626
5987
9246
5961
1438
492
5650
6980
9839
7186
6963
7170
8773
1027
3156
4580
8402
501
358
7386
1518
664
2816
4107
9728
9216
6059
4338
8034
7952
6909
8302
277
5558
54
6419
8749
9990
7260
7971
6553
4234
430
6628
6567
6744
8657
5733
9548
3452
9276
4496
2280
8065
2866
6893
4357
2704
3967
8839
5416
2877
4096
6647
1749
2885
8143
7706
3296
632
2430
1224
9142
6280
2883
1770
9864
966
298
611
1398
324
5997
2007
2277
1815
9806
5848
6107
560
4426
1946
9104
9690
8169
2639
8182
9724
1920
4151
2461
2514
6516
5812
5835
6962
920
742
9095
2272
4738
6486
6597
7992
3505
9923
3114
6961
5478
8781
9050
4649
9386
7515
6549
7624
1006
305
771
7838
4886
5645
168
6100
7584
5485
7980
1291
3087
2852
8969
2903
428
9717
4824
854
5647
4390
4165
3077
1355
6474
5844
181
9243
8733
7113
2107
9206
2573
3352
2213
2960
4815
98
3114
3186
4621
5252
2056
8449
494
8140
2365
79
9191
8549
1803
2133
9969
2201
2638
6189
3080
2049
969
2369
313
4228
9279
9833
3945
9393
2811
6431
4141
5108
6848
3415
5497
1854
926
6372
6679
3783
6088
9263
2939
5529
321
4276
5764
4123
7198
4437
1666
433
3675
519
2788
2276
446
6092
7424
5398
4772
1776
1351
8011
1580
339
1798
5053
5489
9550
7856
8274
2009
3173
7610
2440
8340
6003
7658
6233
706
7561
8670
2834
4168
7759
1708
9817
9912
5502
7296
9986
435
1691
3288
247
4159
2535
121
8698
791
8738
9789
9697
284
1868
9453
8712
1956
2390
8102
1864
5671
2991
3791
6504
2355
2203
6822
3414
5586
3787
19
2860
7754
3282
6625
4881
5161
8913
1312
6821
3521
256
7809
1678
9703
9560
262
9053
3954
720
4824
4796
5501
4148
5859
7566
8019
2437
1635
5266
8520
1496
1820
1601
7437
4558
1802
9302
5975
8329
6900
1769
2449
8061
8015
4235
2358
3314
4624
1333
1525
771
1477
3451
5812
8020
2272
1584
7286
3987
6508
4020
4709
2354
1101
1788
3785
7174
3305
6151
5740
6686
2565
9118
4138
8430
6823
3812
7772
6815
9398
709
5464
3348
2218
3248
5166
3863
4657
7048
6812
2887
6300
8642
3026
5575
1836
8639
280
4136
7272
8787
389
5911
461
5935
6960
9450
1245
192
4459
6098
5269
3870
8192
2810
5897
2260
4696
8424
1213
1822
1015
4529
6183
8802
4996
8598
9514
1746
7138
852
5476
1539
8850
9099
3904
3845
1980
3668
4072
8373
9880
5799
5644
2459
2003
9060
9129
7816
9708
7770
5799
5452
1980
4331
4681
7552
2470
3593
171
6984
5477
9669
1338
2670
521
8340
1682
357
1208
6931
3842
2471
5873
2470
8368
669
8737
4330
3447
4115
3360
3428
2032
9816
9930
8560
9468
401
904
6254
8908
8144
9801
2546
4876
6273
3372
1519
7503
6998
8535
7279
4170
2561
4406
8522
2855
7007
1053
1248
812
5845
9404
9171
3237
8620
8594
3752
9012
9026
2705
8946
7581
2784
8507
7192
6164
1091
1770
3742
9799
6841
399
1823
8560
1709
5935
2772
45
1809
3041
3231
9500
1714
5222
6015
9880
7950
4199
7136
5430
2147
7381
4598
4992
4121
114
8379
1847
6764
9206
5821
5564
4293
7778
8370
6599
7164
2529
3423
6690
3055
477
3675
8875
5835
2191
9270
7267
3681
7771
9354
3388
4684
7091
931
9035
3767
230
1302
7601
3739
6451
3219
2210
2189
2320
376
3824
318
6850
8933
8730
4418
5401
547
9810
5181
5479
1821
4463
9650
4821
8503
7202
854
975
8789
3716
335
896
4746
9686
1125
1514
956
8188
1865
5565
4478
6398
5887
3515
9121
4769
2365
5911
9270
9001
9194
9739
8632
6781
8644
1331
5722
2559
7889
9543
8487
2957
5651
5940
6809
3252
1961
2395
5495
9445
7030
4723
5083
3879
8133
8997
350
2111
7882
4822
9263
7297
4721
4083
7709
3953
4704
5694
1439
1492
6023
7760
4348
1192
8576
518
5147
246
201
8296
5858
5419
1334
7241
6030
4322
8521
5405
6675
2501
3057
7165
8903
4452
7590
7
2193
5430
154
2177
4217
226
6524
7991
5897
828
8264
8456
8716
7789
6334
765
4607
9558
7923
7312
2316
5170
3051
1515
9528
7219
8234
5200
6485
7377
6226
6658
400
3733
2976
2383
7778
6242
3125
8639
5571
8220
6067
1785
9261
5645
2855
48
5345
521
5788
4525
8137
1241
8770
9759
3557
1266
199
1673
9458
2211
9361
4044
8669
5299
6960
9801
1513
4407
4444
3682
5789
5234
381
638
7510
6705
2002
1447
1911
2569
9568
4123
6678
2329
6512
7626
5865
8666
6096
7457
4013
5190
5457
850
3575
8242
7923
6778
7258
1185
6962
4093
679
6284
5764
9761
419
4650
5475
5912
4359
3652
4134
5509
5188
6054
6291
6351
1296
2339
9465
355
1751
9467
68
4905
1410
1328
6370
1877
268
6334
3733
9175
6178
5893
3123
6370
3465
5357
2993
8298
2345
3007
3808
5013
767
7189
1059
1842
9540
1841
2451
2183
7465
9038
5549
3515
9529
7950
464
8137
3412
9330
8255
9012
7525
5612
4199
7596
6009
8869
6005
29
3005
8792
6607
216
4513
8904
20
182
4973
492
3992
2256
6269
9165
3377
4184
9569
2252
8404
2382
4077
9295
3453
1356
3010
2024
1841
2469
7071
7752
6403
7730
8449
2381
8994
8089
1231
4813
3675
3575
7144
361
6848
9679
7943
946
8884
7399
4754
3428
9216
370
1008
655
7144
7483
1792
2754
9413
9592
3621
1040
8517
4062
3641
313
3753
4141
9358
9393
3516
3107
5315
4929
3324
5116
5550
5975
9824
1708
6244
9312
5308
5665
5237
4710
6417
9947
8070
7971
8667
7156
922
9872
5090
5947
4641
5834
5265
796
3797
3534
8476
7934
4319
2560
3344
797
6640
7366
858
5607
5241
963
7641
6682
6288
1511
7727
2093
6437
7796
2822
2858
8978
1327
1011
1120
4773
6502
5376
9894
7156
8031
5490
2719
9086
2242
5064
54
2198
9463
7528
4951
8361
5386
8352
9260
9099
3818
4190
7048
5463
8428
8436
810
8836
422
4852
8776
5873
3941
2785
1617
846
2972
8794
1702
479
1348
695
4202
1275
5328
5481
7875
5482
7799
3714
644
5478
6153
5446
7415
